0 0.520073 0.896445 0.583066 0.896445 0.583066 0.932047 0.520073 0.932047
0 0.242908 0.815539 0.310937 0.815539 0.310937 0.859227 0.242908 0.859227
0 0.046375 0.812305 0.154720 0.812305 0.154720 0.914242 0.046375 0.914242
0 0.600706 0.771852 0.920706 0.771852 0.920706 0.928805 0.600706 0.928805
0 0.731727 0.723305 0.802287 0.723305 0.802287 0.773469 0.731727 0.773469
0 0.555353 0.648875 0.686375 0.648875 0.686375 0.713594 0.555353 0.713594
0 0.240389 0.490297 0.280706 0.490297 0.280706 0.538844 0.240389 0.538844
0 0.283224 0.475734 0.638504 0.475734 0.638504 0.553406 0.283224 0.553406
0 0.721655 0.032367 0.945900 0.032367 0.945900 0.305828 0.721655 0.305828
0 0.378966 0.029133 0.721655 0.029133 0.721655 0.171523 0.378966 0.171523
0 0.794720 0.346281 0.882908 0.346281 0.882908 0.393211 0.794720 0.393211
0 0.560389 0.333336 0.635985 0.333336 0.635985 0.391594 0.560389 0.391594
0 0.205109 0.320391 0.331095 0.320391 0.331095 0.351141 0.205109 0.351141
0 0.308418 0.153727 0.384015 0.153727 0.384015 0.197414 0.308418 0.197414
0 0.222749 0.111656 0.273139 0.111656 0.273139 0.152109 0.222749 0.152109
