0 0.279410 0.852758 0.478797 0.852758 0.478797 0.967641 0.279410 0.967641
0 0.209615 0.048547 0.399049 0.048547 0.399049 0.106805 0.209615 0.106805
0 0.710602 0.851141 0.777894 0.851141 0.777894 0.899680 0.710602 0.899680
0 0.040132 0.106641 0.254489 0.106641 0.254489 0.190945 0.040132 0.190945
0 0.423971 0.098711 0.481300 0.098711 0.481300 0.129453 0.423971 0.129453
0 0.164753 0.207125 0.256980 0.207125 0.256980 0.244344 0.164753 0.244344
0 0.296859 0.255672 0.359170 0.255672 0.359170 0.286414 0.296859 0.286414
0 0.344212 0.291266 0.406522 0.291266 0.406522 0.322016 0.344212 0.322016
0 0.825247 0.092242 0.947377 0.092242 0.947377 0.148875 0.825247 0.148875
0 0.782876 0.252430 0.857653 0.252430 0.857653 0.288031 0.782876 0.288031
0 0.386582 0.422336 0.471324 0.422336 0.471324 0.454695 0.386582 0.454695
0 0.369134 0.478969 0.643297 0.478969 0.643297 0.533984 0.369134 0.533984
0 0.650782 0.377031 0.723057 0.377031 0.723057 0.417484 0.650782 0.417484
0 0.678195 0.436898 0.742996 0.436898 0.742996 0.477352 0.678195 0.477352
0 0.366643 0.601945 0.456366 0.601945 0.456366 0.631070 0.366643 0.631070
0 0.099952 0.598711 0.169747 0.598711 0.169747 0.629453 0.099952 0.629453
0 0.002756 0.742727 0.189675 0.742727 0.189675 0.987063 0.002756 0.987063
