0 0.772132 0.883500 0.830683 0.883500 0.830683 0.906156 0.772132 0.906156
0 0.642839 0.838195 0.725783 0.838195 0.725783 0.915859 0.642839 0.915859
0 0.830624 0.773438 0.928269 0.773438 0.928269 0.836562 0.830624 0.836562
0 0.737974 0.728164 0.774570 0.728164 0.774570 0.750812 0.737974 0.750812
0 0.254947 0.113273 0.284217 0.113273 0.284217 0.144016 0.254947 0.144016
0 0.762379 0.818773 0.813604 0.818773 0.813604 0.841430 0.762379 0.841430
0 0.625760 0.682852 0.657468 0.682852 0.657468 0.703891 0.625760 0.703891
0 0.489140 0.469258 0.584287 0.469258 0.584287 0.567969 0.489140 0.567969
0 0.152485 0.673141 0.225665 0.673141 0.225665 0.705508 0.152485 0.705508
0 0.274464 0.503242 0.313498 0.503242 0.313498 0.533984 0.274464 0.533984
0 0.230542 0.436898 0.269576 0.436898 0.269576 0.462789 0.230542 0.462789
0 0.796525 0.074438 0.967303 0.074438 0.967303 0.178000 0.796525 0.178000
0 0.779446 0.779938 0.820919 0.779938 0.820919 0.810688 0.779446 0.810688
