0 0.541403 0.909391 0.621364 0.909391 0.621364 0.951461 0.541403 0.951461
0 0.623771 0.775086 0.973230 0.775086 0.973230 0.928805 0.623771 0.928805
0 0.746654 0.728164 0.834620 0.728164 0.834620 0.768617 0.746654 0.768617
0 0.170875 0.145633 0.253514 0.145633 0.253514 0.187711 0.170875 0.187711
0 0.272175 0.184469 0.352136 0.184469 0.352136 0.224922 0.272175 0.224922
0 0.365470 0.053406 0.666680 0.053406 0.666680 0.190945 0.365470 0.190945
0 0.698674 0.037219 0.906589 0.037219 0.906589 0.286414 0.698674 0.286414
0 0.277503 0.459555 0.629369 0.459555 0.629369 0.584148 0.277503 0.584148
0 0.530734 0.365703 0.597375 0.365703 0.597375 0.415859 0.530734 0.415859
0 0.160219 0.341430 0.234852 0.341430 0.234852 0.378648 0.160219 0.378648
0 0.799961 0.354375 0.874607 0.354375 0.874607 0.402914 0.799961 0.402914
0 0.917259 0.265375 0.967902 0.265375 0.967902 0.313922 0.917259 0.313922
0 0.573385 0.648875 0.629369 0.648875 0.629369 0.687711 0.573385 0.687711
0 0.512072 0.676383 0.586718 0.676383 0.586718 0.718453 0.512072 0.718453
0 0.634698 0.687711 0.690669 0.687711 0.690669 0.721688 0.634698 0.721688
0 0.218855 0.522656 0.277503 0.522656 0.277503 0.563109 0.218855 0.563109
0 0.029601 0.841430 0.149550 0.841430 0.149550 0.919102 0.029601 0.919102
0 0.253514 0.846281 0.349472 0.846281 0.349472 0.885117 0.253514 0.885117
